Block Name,A53_0,A53_1,A53_2,A53_3,A53_4,A53_5,A53_6,A53_7,LMEM_ic_0_1_sr1,LMEM_0_1_ta10
A53_0,,,,,,,,,1,
A53_1,,,,,,,,,1,
A53_2,,,,,,,,,1,
A53_3,,,,,,,,,1,
A53_4,,,,,,,,,1,
A53_5,,,,,,,,,1,
A53_6,,,,,,,,,1,
A53_7,,,,,,,,,1,
LMEM_ic_0_1_sr1,1,1,1,1,1,1,1,1,,1
LMEM_0_1_ta10,,,,,,,,,1,
